Time, Seats Used, Seats Taken, Delta_Time, Increment_Used, Increment_Reserved
5.083195,219,57,5.083195,1113.22,289.7421
5.083195,219,58,0,0,0
10,219,59,4.916805,1076.78,290.0915
10,218,59,0,0,0
10,218,59,0,0,0
10,217,59,0,0,0
10,217,59,0,0,0
10,216,59,0,0,0
10,216,59,0,0,0
10,215,59,0,0,0
10,215,59,0,0,0
10,214,59,0,0,0
10,214,59,0,0,0
10,213,59,0,0,0
10,213,59,0,0,0
10,212,59,0,0,0
10,212,59,0,0,0
10,211,59,0,0,0
10,211,59,0,0,0
10,210,59,0,0,0
10,210,59,0,0,0
10,209,59,0,0,0
10.11381,209,59,0.1138115,23.7866,6.714878
10.11381,208,59,0,0,0
10.5555,208,59,0.4416924,91.87201,26.05985
10.5555,207,59,0,0,0
10.58679,207,59,0.03128719,6.476449,1.845944
10.58679,206,59,0,0,0
10.64392,206,59,0.05712986,11.76875,3.370662
10.64392,205,59,0,0,0
12.52138,205,59,1.877456,384.8784,110.7699
12.52138,204,59,0,0,0
13.52725,204,59,1.005875,205.1984,59.3466
13.52725,204,60,0,0,0
13.52725,204,61,0,0,0
13.52725,204,62,0,0,0
14.30574,204,63,0.778491,158.8122,49.04493
14.30574,203,63,0,0,0
14.75317,203,63,0.4474239,90.82706,28.18771
14.80129,203,64,0.0481205,9.768461,3.079712
14.80129,202,64,0,0,0
15.92439,202,64,1.123098,226.8659,71.8783
15.92439,202,65,0,0,0
17.0567,202,66,1.132311,228.7268,74.73251
17.0567,201,66,0,0,0
17.79343,201,66,0.7367325,148.0832,48.62434
18.91479,201,67,1.121363,225.3939,75.1313
18.91479,200,67,0,0,0
19.50633,200,67,0.5915413,118.3083,39.63327
19.50633,200,68,0,0,0
19.50633,200,69,0,0,0
19.50633,200,70,0,0,0
19.50633,200,71,0,0,0
21.64224,200,72,2.135908,427.1816,153.7854
21.64224,199,72,0,0,0
22.23212,199,72,0.5898762,117.3854,42.47108
22.23212,198,72,0,0,0
23.51417,198,72,1.282051,253.8461,92.30768
23.54539,198,73,0.0312233,6.182213,2.279301
23.54539,197,73,0,0,0
23.60237,197,73,0.05697823,11.22471,4.15941
23.60237,196,73,0,0,0
23.80222,196,73,0.1998482,39.17024,14.58892
23.80222,195,73,0,0,0
23.86551,195,73,0.06329155,12.34185,4.620283
23.86551,194,73,0,0,0
24.27152,194,73,0.4060078,78.7655,29.63857
24.27152,193,73,0,0,0
24.44368,193,73,0.1721611,33.22709,12.56776
24.44368,192,73,0,0,0
24.75317,192,73,0.3094883,59.42175,22.59265
25.21067,193,72,0.4575005,88.29759,32.94003
25.75317,193,73,0.5424995,104.7024,39.60247
25.75317,192,73,0,0,0
26.41802,192,73,0.6648521,127.6516,48.53421
26.41802,191,73,0,0,0
26.60398,191,73,0.1859627,35.51887,13.57528
26.60398,190,73,0,0,0
26.64919,190,73,0.04520798,8.589516,3.300182
27.38283,191,72,0.7336388,140.125,52.82199
27.38283,190,72,0,0,0
27.83407,190,72,0.4512386,85.73534,32.48918
27.83407,189,72,0,0,0
28.07776,189,72,0.2436943,46.05822,17.54599
29.50633,190,71,1.428572,271.4286,101.4286
29.50633,190,72,0,0,0
29.50633,190,73,0,0,0
29.50633,191,72,0,0,0
29.50633,191,73,0,0,0
29.50633,192,72,0,0,0
29.50633,192,73,0,0,0
29.71488,192,74,0.2085438,40.04041,15.43224
29.71488,191,74,0,0,0
29.8475,191,74,0.1326199,25.33039,9.813869
29.8475,190,74,0,0,0
29.90802,190,74,0.06052399,11.49956,4.478775
29.90802,189,74,0,0,0
29.98705,189,74,0.07902908,14.9365,5.848152
29.98705,188,74,0,0,0
30.22685,188,74,0.2398014,45.08266,17.7453
30.22685,187,74,0,0,0
30.50633,187,74,0.2794819,52.26311,20.68166
30.50633,186,74,0,0,0
30.51486,186,74,0.008525848,1.585808,0.6309128
30.51486,185,74,0,0,0
30.54455,185,74,0.02968788,5.492258,2.196903
30.54455,184,74,0,0,0
30.55105,184,74,0.006505966,1.197098,0.4814415
30.55105,183,74,0,0,0
31.21729,183,74,0.6662369,121.9213,49.30153
31.21729,182,74,0,0,0
31.27847,182,74,0.06118011,11.13478,4.527328
31.27847,181,74,0,0,0
32.36348,181,74,1.085007,196.3862,80.2905
32.51332,182,73,0.1498489,27.27251,10.93897
32.51332,181,73,0,0,0
33.13365,181,73,0.620327,112.2792,45.28387
33.13365,181,74,0,0,0
33.45677,181,75,0.3231163,58.48405,24.23372
33.45677,180,75,0,0,0
33.76611,180,75,0.3093414,55.68146,23.20061
33.76611,179,75,0,0,0
36.64919,179,75,2.88308,516.0712,216.231
37.54926,180,74,0.9000702,162.0126,66.60519
37.79988,180,75,0.2506218,45.11192,18.79663
38.43233,181,74,0.6324463,114.4728,46.80103
38.43233,180,74,0,0,0
39.28202,180,74,0.8496895,152.9441,62.87702
39.28202,179,74,0,0,0
39.50633,179,74,0.2243156,40.1525,16.59936
39.50633,179,75,0,0,0
39.50633,179,76,0,0,0
39.50633,179,77,0,0,0
39.53608,180,76,0.02975082,5.355148,2.261063
39.53608,179,76,0,0,0
39.65261,179,76,0.1165237,20.85775,8.855804
39.65261,178,76,0,0,0
39.82497,178,76,0.1723633,30.68066,13.09961
39.82497,177,76,0,0,0
40.02681,177,76,0.2018394,35.72558,15.3398
40.02681,176,76,0,0,0
40.14809,176,76,0.1212845,21.34607,9.217621
40.14809,175,76,0,0,0
40.38067,175,76,0.2325783,40.7012,17.67595
40.38067,174,76,0,0,0
40.50633,174,76,0.1256599,21.86483,9.550156
40.50633,173,76,0,0,0
40.7723,173,76,0.2659683,46.01252,20.21359
40.7723,172,76,0,0,0
40.93491,172,76,0.1626053,27.96811,12.358
40.93491,173,75,0,0,0
42.00359,174,74,1.06868,185.9503,79.08231
42.00359,173,74,0,0,0
42.17608,173,74,0.1724968,29.84195,12.76476
42.17608,172,74,0,0,0
42.99629,172,74,0.8202095,141.076,60.6955
42.99629,171,74,0,0,0
43.97875,171,74,0.98246,168.0007,72.70204
43.97875,170,74,0,0,0
44.79471,170,74,0.8159599,138.7132,60.38103
44.79471,169,74,0,0,0
45.22062,169,74,0.4259071,71.9783,31.51713
46.22062,170,73,1,170,73
46.22062,169,73,0,0,0
46.64919,169,73,0.4285698,72.4283,31.28559
47.54926,170,72,0.9000702,153.0119,64.80505
47.64919,171,71,0.09992981,17.088,7.095016
47.64919,170,71,0,0,0
47.98379,170,71,0.3346024,56.8824,23.75677
47.98379,169,71,0,0,0
48.4717,169,71,0.4879112,82.457,34.6417
48.86408,169,72,0.3923759,66.31154,28.25107
48.86408,168,72,0,0,0
49.33305,168,72,0.4689751,78.78781,33.7662
49.33305,167,72,0,0,0
49.50633,167,72,0.1732788,28.93756,12.47607
49.50633,167,73,0,0,0
49.71127,168,72,0.2049332,34.42877,14.75519
49.71127,167,72,0,0,0
49.94106,167,72,0.2297897,38.37489,16.54486
49.94106,166,72,0,0,0
50.7779,166,72,0.8368492,138.917,60.25314
50.7779,165,72,0,0,0
50.93491,165,72,0.1570015,25.90525,11.30411
50.9951,166,71,0.06019592,9.992523,4.273911
50.9951,165,71,0,0,0
51.08816,165,71,0.09305954,15.35482,6.607227
51.08816,164,71,0,0,0
51.11242,164,71,0.02426147,3.978882,1.722565
51.11242,163,71,0,0,0
51.58533,163,71,0.4729118,77.08463,33.57674
51.58533,163,72,0,0,0
51.58533,163,73,0,0,0
51.97182,163,74,0.3864861,62.99723,28.59997
51.97182,162,74,0,0,0
52.81329,162,74,0.8414688,136.3179,62.26869
52.81329,161,74,0,0,0
52.91501,161,74,0.1017189,16.37674,7.527199
52.91501,161,75,0,0,0
52.91501,161,76,0,0,0
52.91501,161,77,0,0,0
53.24329,161,78,0.3282852,52.85392,25.60625
53.24329,160,78,0,0,0
53.30585,160,78,0.06255722,10.00916,4.879463
53.30585,159,78,0,0,0
54.18548,159,78,0.8796272,139.8607,68.61092
54.18548,158,78,0,0,0
54.97947,158,78,0.7939873,125.45,61.93101
54.97947,157,78,0,0,0
55.22062,157,78,0.2411537,37.86113,18.80999
55.7687,158,77,0.5480843,86.59731,42.20249
55.7687,157,77,0,0,0
56.18525,157,77,0.4165459,65.39771,32.07403
56.18525,156,77,0,0,0
56.37589,156,77,0.1906433,29.74036,14.67953
56.37589,155,77,0,0,0
56.54313,155,77,0.1672363,25.92163,12.8772
56.54313,154,77,0,0,0
56.61064,154,77,0.06751251,10.39693,5.198463
56.61064,154,78,0,0,0
56.61064,154,79,0,0,0
56.86333,154,80,0.2526855,38.91357,20.21484
56.86333,153,80,0,0,0
57.25306,153,80,0.3897362,59.62963,31.17889
57.25306,153,81,0,0,0
58.4717,153,82,1.218639,186.4518,99.92843
58.63675,154,81,0.1650467,25.41719,13.36878
58.63675,153,81,0,0,0
58.99626,153,81,0.3595085,55.0048,29.12019
58.99626,152,81,0,0,0
59.4717,152,81,0.4754448,72.26761,38.51103
59.4717,151,81,0,0,0
60.05787,151,81,0.5861626,88.51054,47.47917
60.59236,152,80,0.5344963,81.24344,42.7597
60.59236,152,81,0,0,0
60.59236,152,82,0,0,0
60.73714,152,83,0.1447792,22.00644,12.01667
60.9037,152,84,0.1665611,25.31729,13.99113
60.9037,151,84,0,0,0
61.48643,151,84,0.5827332,87.99271,48.94958
61.81273,152,83,0.3262978,49.59726,27.08271
61.81273,151,83,0,0,0
62.00607,151,83,0.1933365,29.19381,16.04693
62.00607,150,83,0,0,0
62.0085,150,83,0.002429962,0.3644943,0.2016869
62.0085,149,83,0,0,0
62.0292,149,83,0.02069855,3.084084,1.717979
62.0292,148,83,0,0,0
62.61644,148,83,0.5872459,86.9124,48.74141
62.61644,147,83,0,0,0
62.91501,147,83,0.2985649,43.88904,24.78089
62.91501,147,84,0,0,0
63.15691,148,83,0.2418976,35.80084,20.0775
63.15691,147,83,0,0,0
63.68167,147,83,0.5247612,77.13989,43.55518
63.68167,146,83,0,0,0
63.82872,146,83,0.147049,21.46915,12.20506
64.02347,146,84,0.1947517,28.43375,16.35915
64.02347,145,84,0,0,0
64.08585,145,84,0.06238556,9.045906,5.240387
64.08585,144,84,0,0,0
64.34358,144,84,0.2577286,37.11292,21.6492
64.37139,145,83,0.02780914,4.032326,2.308159
64.37139,144,83,0,0,0
64.54816,144,83,0.1767731,25.45532,14.67216
64.54816,143,83,0,0,0
64.68594,143,83,0.1377716,19.70134,11.43504
64.68594,142,83,0,0,0
65.88154,142,83,1.195602,169.7755,99.235
65.88154,141,83,0,0,0
65.96106,141,83,0.07952118,11.21249,6.600258
65.96106,140,83,0,0,0
66.00335,140,83,0.04228973,5.920563,3.510048
66.00335,139,83,0,0,0
67.02834,139,83,1.024986,142.4731,85.07386
67.02834,139,84,0,0,0
67.02834,139,85,0,0,0
67.61829,139,86,0.5899582,82.00419,50.7364
67.61829,138,86,0,0,0
68.4846,138,86,0.8663101,119.5508,74.50267
69.37894,138,87,0.8943329,123.4179,77.80696
69.37894,137,87,0,0,0
69.72055,137,87,0.3416138,46.80109,29.7204
69.72055,136,87,0,0,0
70.73714,136,87,1.016586,138.2557,88.44301
71.48643,137,86,0.7492981,102.6538,64.43964
71.78745,138,85,0.3010101,41.5394,25.58586
71.78745,137,85,0,0,0
72.17315,137,85,0.385704,52.84145,32.78484
72.17315,136,85,0,0,0
72.42802,136,85,0.2548676,34.66199,21.66374
72.42802,135,85,0,0,0
73.34046,135,85,0.9124451,123.1801,77.55783
73.34046,134,85,0,0,0
73.41332,134,85,0.07286072,9.763336,6.193161
73.41332,133,85,0,0,0
73.58802,133,85,0.1746979,23.23482,14.84932
73.58802,132,85,0,0,0
73.6924,132,85,0.1043777,13.77786,8.872108
73.74837,132,86,0.05596924,7.387939,4.813354
73.74837,131,86,0,0,0
75.15435,131,86,1.405983,184.1838,120.9145
75.15435,131,87,0,0,0
75.59976,131,88,0.4454117,58.34893,39.19623
76.00221,132,87,0.4024506,53.12347,35.0132
76.00221,131,87,0,0,0
76.1365,131,87,0.134285,17.59133,11.68279
76.1365,131,88,0,0,0
76.1365,131,89,0,0,0
76.1365,131,90,0,0,0
76.96352,131,91,0.8270187,108.3395,75.25871
76.96352,130,91,0,0,0
77.02834,130,91,0.06481934,8.426514,5.89856
77.02834,130,92,0,0,0
77.02834,131,91,0,0,0
77.45918,132,90,0.4308472,56.87183,38.77625
77.69804,132,91,0.2388535,31.52866,21.73566
77.69804,131,91,0,0,0
78.02834,131,91,0.3302994,43.26922,30.05724
78.02834,130,91,0,0,0
78.64732,130,91,0.618988,80.46844,56.32791
78.64732,129,91,0,0,0
78.6924,129,91,0.04507446,5.814606,4.101776
79.05587,129,92,0.363472,46.88789,33.43942
80.54163,129,93,1.485756,191.6625,138.1753
80.54163,128,93,0,0,0
80.67496,128,93,0.1333389,17.06738,12.40052
80.67496,128,94,0,0,0
80.67496,128,95,0,0,0
81.0713,128,96,0.3963394,50.73145,38.04858
81.0713,127,96,0,0,0
81.5079,127,96,0.4365997,55.44817,41.91357
81.5079,126,96,0,0,0
81.80927,126,96,0.3013687,37.97246,28.9314
81.80927,125,96,0,0,0
82.63164,125,96,0.8223648,102.7956,78.94702
82.63164,124,96,0,0,0
83.27936,124,96,0.6477203,80.31732,62.18115
83.27936,125,95,0,0,0
83.42057,126,94,0.1412125,17.79277,13.27397
83.42057,125,94,0,0,0
83.6924,125,94,0.2718277,33.97846,25.5518
83.9025,126,93,0.2100983,26.47238,19.53914
83.9025,125,93,0,0,0
84.27936,125,93,0.3768616,47.1077,35.04813
84.27936,124,93,0,0,0
84.27936,124,93,0,0,0
84.27936,123,93,0,0,0
84.58705,123,93,0.3076935,37.8463,28.61549
84.58705,122,93,0,0,0
84.6924,122,93,0.1053467,12.85229,9.797241
84.6924,121,93,0,0,0
84.70792,121,93,0.01552582,1.878624,1.443901
85.3737,122,92,0.6657791,81.22505,61.25168
85.3737,121,92,0,0,0
85.59976,121,92,0.226059,27.35313,20.79742
85.74043,122,91,0.1406708,17.16183,12.80104
85.74043,121,91,0,0,0
86.1365,121,91,0.3960648,47.92384,36.04189
86.1365,121,92,0,0,0
86.1365,121,93,0,0,0
86.1365,122,92,0,0,0
86.1365,122,93,0,0,0
86.39438,122,94,0.2578812,31.4615,24.24083
86.39438,121,94,0,0,0
86.59976,121,94,0.2053833,24.85138,19.30603
86.59976,120,94,0,0,0
86.73051,120,94,0.1307449,15.68939,12.29002
86.88229,120,95,0.1517792,18.2135,14.41902
86.88229,119,95,0,0,0
87.18322,119,95,0.3009338,35.81113,28.58871
87.55043,119,96,0.3672104,43.69804,35.2522
87.55043,118,96,0,0,0
88.08647,118,96,0.5360413,63.25287,51.45996
88.08647,117,96,0,0,0
88.6924,117,96,0.6059265,70.8934,58.16895
88.69939,118,95,0.006988525,0.824646,0.6639099
88.69939,117,95,0,0,0
89.27995,117,95,0.5805588,67.92538,55.15308
89.27995,116,95,0,0,0
90.38628,116,95,1.106331,128.3344,105.1014
90.38628,115,95,0,0,0
90.86781,115,95,0.4815292,55.37586,45.74528
90.86781,114,95,0,0,0
91.8699,114,95,1.00209,114.2383,95.19859
91.8699,114,96,0,0,0
91.8699,114,97,0,0,0
92.98888,114,98,1.118988,127.5646,109.6608
92.98888,113,98,0,0,0
93.27936,113,98,0.2904739,32.82355,28.46645
93.27936,114,97,0,0,0
93.41971,115,96,0.1403503,16.14029,13.47363
93.41971,114,96,0,0,0
93.84981,114,96,0.4300995,49.03134,41.28955
93.84981,113,96,0,0,0
94.53201,113,96,0.6822052,77.08919,65.4917
94.53201,112,96,0,0,0
94.62022,112,96,0.08821106,9.879639,8.468262
94.62022,111,96,0,0,0
94.70792,111,96,0.08769989,9.734688,8.419189
95.55698,112,95,0.8490601,95.09473,80.66071
95.55698,111,95,0,0,0
95.70792,111,95,0.1509399,16.75433,14.33929
95.70792,110,95,0,0,0
96.01704,110,95,0.3091125,34.00238,29.36569
96.10134,110,96,0.08430481,9.273529,8.093262
96.10134,109,96,0,0,0
96.1365,109,96,0.03515625,3.832031,3.375
96.53315,109,97,0.3966522,43.23509,38.47527
96.70216,109,98,0.169014,18.42252,16.56337
96.70216,108,98,0,0,0
97.3793,108,98,0.6771393,73.13104,66.35965
97.56507,108,99,0.1857681,20.06296,18.39104
97.68176,109,98,0.1166916,12.71938,11.43578
97.68176,108,98,0,0,0
98.15908,108,98,0.4773178,51.55032,46.77715
98.47923,109,97,0.3201447,34.89577,31.05403
98.47923,108,97,0,0,0
98.7945,108,97,0.3152771,34.04993,30.58188
98.7945,107,97,0,0,0
99.01296,107,97,0.2184601,23.37523,21.19063
99.01296,106,97,0,0,0
99.2727,106,97,0.2597351,27.53192,25.19431
99.2727,105,97,0,0,0
99.75987,105,97,0.487175,51.15337,47.25597
99.75987,104,97,0,0,0
100.0087,104,97,0.2488098,25.87622,24.13455
100.6674,104,98,0.6586914,68.50391,64.55176
100.6674,104,99,0,0,0
100.6674,104,100,0,0,0
104.7079,104,101,4.04055,420.2172,408.0956
105.0985,105,100,0.3905945,41.01242,39.05945
105.0985,105,101,0,0,0
105.0985,105,102,0,0,0
105.7079,105,103,0.6094055,63.98758,62.76877
105.7079,104,103,0,0,0
106.9232,104,103,1.215286,126.3898,125.1745
107.6326,104,104,0.7093887,73.77643,73.77643
107.6326,103,104,0,0,0
107.8102,103,104,0.1776352,18.29642,18.47406
107.8102,104,103,0,0,0
107.8102,105,102,0,0,0
108.8102,106,101,1,106,101
108.8102,105,101,0,0,0
108.8293,105,101,0.01908112,2.003517,1.927193
108.8293,104,101,0,0,0
109.1324,104,101,0.3030701,31.51929,30.61008
109.1324,103,101,0,0,0
